49
16
L0 L1 L2 L3 L4 L5 L6 L7 L8 L9 L10 L11 L12 L13 L14 L15 L16 L17 L18 L19 L20 L21 L22 L23 L24 L25 L26 L27 L28 L29 L30 L31 L32 L33 L34 L35 L36 L37 L38 L39 L40 L41 L42 L43 L44 L45 L46 L47 L48 
L10 L34 L2 L21 L11 L24 L44 L16 L28 L29 L43 L48 L18 L33 L14 L1 
L12 
x 1.81758 2.39355 x 1.68937 2.76743 2.21729 2.81099 1.12595 x 0.59401 2.5176 2.32243 2.61673 0.94544 0.4828 2.1409 2.17656 x 2.4645 1.16597 2.41615 1.50873 2.19518 1.29437 2.0902 1.62775 1.40568 1.95475 1.59411 1.77051 2.31924 1.88509 2.25916 1.54798 1.53952 2.15608 1.65817 1.17306 1.79478 0.84402 1.00309 1.67687 2.61495 1.69033 2.86783 2.66531 2.40403 1.74907 
1.81758 x 1.62239 0.85637 1.57455 3.33744 2.43251 2.22528 1.05265 x 1.22357 2.20599 2.55619 2.31272 0.87214 1.33478 2.9223 2.10326 0.26455 1.17602 x 2.34285 2.18443 2.81207 0.52321 2.86831 1.55445 1.33238 2.66225 2.37551 2.55191 1.54808 1.72585 2.18586 1.47468 1.38028 1.38492 x 2.02088 1.39916 0.97356 2.34684 2.50952 2.54165 2.31989 2.55622 1.028 3.18543 2.22055 
2.39355 1.62239 x 2.47876 1.61774 3.98618 3.42282 0.60289 1.62862 2.64622 x 3.58858 1.60778 1.90208 1.44811 1.91075 x 2.67923 1.35784 2.26931 1.22758 2.91882 3.16441 3.40071 1.09918 3.15166 x 1.90835 3.23822 2.84401 2.66761 2.12405 2.5906 2.76183 2.05065 2.24503 1.96089 2.8677 2.60101 2.49245 1.54953 2.92281 3.08549 2.81841 2.89586 3.79476 2.47012 2.67756 2.79652 
x 0.85637 2.47876 x 2.39911 2.92646 x x 1.90902 2.63784 2.07994 1.34962 3.25116 x 1.72851 2.19115 2.10004 1.61951 1.12092 0.37244 x 2.92668 x 1.9557 1.37958 2.35597 x x 2.30032 1.55325 1.72965 2.1024 2.58222 2.70104 x 2.23665 1.93924 2.69289 2.50842 2.25553 1.82993 1.98128 2.5782 2.02679 2.64268 1.69985 0.17163 2.36317 1.70821 
1.68937 1.57455 1.61774 2.39911 x 3.282 2.71864 1.48915 0.56342 1.94204 1.09536 2.14976 0.98164 1.27594 0.74393 1.20657 1.77306 1.97505 1.31 2.22147 0.96446 1.49337 1.54667 2.69653 1.09286 2.02899 0.26083 0.4829 2.19507 1.22627 1.04987 2.11773 1.88642 1.33638 1.34647 1.54085 1.95457 1.8025 1.89683 2.1895 0.84535 1.81729 2.38131 1.24803 2.19168 2.49999 2.42228 2.03619 1.38123 
2.76743 3.33744 3.98618 2.92646 3.282 x 1.21193 4.08376 2.71858 1.55597 2.39584 1.74915 3.62264 3.7182 2.53807 2.28463 3.21943 1.30695 3.07289 2.55402 2.7586 4.00878 3.34584 1.14307 2.887 x 3.22038 2.99831 2.11218 2.67264 2.84904 x 2.30273 2.38848 2.61886 1.95716 3.74871 2.50475 2.97489 3.21582 2.63949 3.26366 2.39006 4.09784 1.76982 2.09938 2.75483 3.46994 2.8276 
2.21729 2.43251 3.42282 x 2.71864 1.21193 x 2.87183 2.15522 2.35457 1.62328 2.96108 3.02643 3.32073 1.97471 1.73449 2.91047 2.51888 2.16796 3.07943 2.19524 3.44542 3.03688 2.355 2.32364 x 2.65702 2.43495 3.06196 2.36368 2.54008 3.34851 2.29895 3.28843 2.57725 1.95338 3.18535 3.3943 2.42475 3.04647 1.87329 x 2.92856 3.64422 2.7196 3.31131 3.28024 2.64448 2.51864 
2.81099 2.22528 0.60289 x 1.48915 4.08376 2.87183 x 1.73012 3.10874 2.26206 3.63891 2.21067 2.50497 1.91063 2.37327 3.26221 3.14175 1.96073 x 1.83047 2.46086 3.03582 3.86323 1.70207 3.39964 1.22832 1.45039 2.91983 2.71542 2.53902 x 3.05312 2.30387 2.51317 2.70755 2.56378 2.52726 3.06353 3.09534 2.01205 3.02431 3.19771 2.21552 3.26219 x x 3.28045 2.87038 
1.12595 1.05265 1.62862 1.90902 0.56342 2.71858 2.15522 1.73012 x 1.37862 x 2.71318 1.54506 1.83936 0.18051 0.64315 2.33648 1.41163 0.7881 1.69957 x 1.2902 1.79983 2.13311 0.52944 2.59241 0.5018 0.27973 1.63165 1.78969 1.61329 1.55431 1.323 1.13321 0.78305 0.97743 1.39115 1.23908 1.33341 1.92271 0.28193 1.29419 1.81789 1.489 1.62826 3.06341 1.90038 2.59961 1.94465 
x x 2.64622 2.63784 1.94204 1.55597 2.35457 3.10874 1.37862 x 1.3467 3.04364 2.3059 2.57341 1.19811 1.45791 3.04859 2.42923 1.51692 2.42839 1.41864 2.66882 1.86372 2.69904 1.54704 2.9946 1.88042 1.65835 1.98633 2.5018 2.36052 2.37703 x 2.51183 1.80065 0.40119 2.40875 2.3789 2.14817 x 1.09669 2.36936 2.26421 2.86762 2.32869 2.69341 2.6292 3.31172 2.34684 
0.59401 1.22357 x 2.07994 1.09536 2.39584 1.62328 2.26206 x 1.3467 x x x 2.24514 0.35143 0.11121 1.97622 1.58255 0.95902 1.87049 0.57196 1.82214 2.10263 1.60117 0.70036 2.14573 1.03374 0.81167 1.43868 x 1.60583 x x 1.66515 0.95397 0.94551 1.56207 1.77102 0.80147 1.42319 0.25001 1.5971 1.30528 2.02094 1.09632 2.55748 2.0713 2.23935 1.58439 
2.5176 2.20599 3.58858 1.34962 2.14976 1.74915 2.96108 3.63891 2.71318 3.04364 x x 2.6214 2.85646 2.55868 x 1.47028 2.56634 2.23074 1.31927 2.6178 3.64313 1.59669 0.60608 2.4894 1.72621 2.41059 2.63266 2.42687 0.92349 1.09989 3.04923 2.67853 3.48614 x 3.0241 2.88607 2.81944 x x 2.45726 1.51451 2.14899 2.34869 2.76923 0.35023 1.17799 1.72079 1.07845 
2.32243 2.55619 1.60778 3.25116 0.98164 3.62264 3.02643 2.21067 1.54506 2.3059 x 2.6214 x 0.2943 x 1.83963 2.2447 2.32134 2.29164 3.20311 1.9461 2.47501 1.99313 x 2.0745 2.50063 1.24247 1.46454 1.6554 x 1.52151 1.92504 2.25028 1.23981 2.32811 1.90471 2.0882 1.26283 1.14937 1.20786 1.82699 2.28893 1.93328 2.22967 1.99776 2.97163 3.07953 1.42997 x 
2.61673 2.31272 1.90208 x 1.27594 3.7182 3.32073 2.50497 1.83936 2.57341 2.24514 2.85646 0.2943 x 2.01987 2.13393 2.49238 2.61564 2.04817 2.95964 2.2404 2.76931 1.69883 3.42681 2.30683 2.74831 1.53677 1.75884 1.60602 1.94559 x x 2.54458 1.53411 2.62241 2.19901 1.7939 1.55713 1.44367 0.91356 2.12129 2.20447 1.8839 2.52397 1.94838 3.20669 3.16045 1.13567 2.10055 
0.94544 0.87214 1.44811 1.72851 0.74393 2.53807 1.97471 1.91063 0.18051 1.19811 0.35143 2.55868 x 2.01987 x 0.46264 2.32765 x 0.60759 1.51906 0.22053 1.47071 1.98034 1.9526 0.34893 2.43723 0.68231 0.46024 1.79011 1.78086 1.7938 1.3738 1.14249 1.31372 0.60254 0.79692 x 1.41959 1.1529 1.7422 0.10142 1.4747 1.63738 1.66951 x 2.90891 1.71987 2.59078 1.78947 
0.4828 1.33478 1.91075 2.19115 1.20657 2.28463 1.73449 2.37327 0.64315 1.45791 0.11121 x 1.83963 2.13393 0.46264 x 2.08743 x 1.07023 1.9817 0.68317 1.93335 1.99153 1.71238 x 2.25694 1.14495 0.92288 1.47195 1.54064 1.71704 1.83644 1.40229 1.77636 x 1.05672 1.67328 1.86452 0.69026 1.31198 0.36122 1.48589 1.19407 2.13215 1.20753 2.66869 2.18251 2.35056 1.6956 
2.1409 2.9223 x 2.10004 1.77306 3.21943 2.91047 3.26221 2.33648 3.04859 1.97622 1.47028 2.2447 2.49238 2.32765 2.08743 x 3.37629 x 2.12922 2.27069 3.26643 1.21999 2.07636 x 1.34951 x 2.25596 2.74128 0.54679 0.72319 2.72244 2.30183 3.10944 2.93019 2.6474 2.8856 3.13385 2.62698 2.00526 2.22623 1.13781 3.01916 1.97199 2.39892 1.82051 1.92841 1.35671 0.70175 
2.17656 2.10326 2.67923 1.61951 1.97505 1.30695 2.51888 3.14175 1.41163 2.42923 1.58255 2.56634 2.32134 2.61564 x x 3.37629 x 1.83871 1.24707 x 2.70183 2.81734 x 1.58005 3.63222 1.91343 1.69136 3.02123 2.8295 3.0059 2.60492 2.37361 1.08153 1.83366 2.02804 2.44176 2.65071 2.38402 2.97332 x 2.70582 2.8685 2.90063 x x 1.44788 3.63942 2.98446 
x 0.26455 1.35784 1.12092 1.31 3.07289 2.16796 1.96073 0.7881 1.51692 0.95902 2.23074 2.29164 2.04817 0.60759 1.07023 x 1.83871 x x 0.38706 2.0783 1.91988 2.56019 0.25866 2.60376 1.2899 1.06783 2.3977 2.11096 2.28736 1.28353 1.4613 1.92131 1.21013 1.11573 1.12037 2.02718 1.75633 x 0.70901 2.08229 2.24497 2.2771 2.05534 2.43692 1.11228 2.92088 1.956 
2.4645 1.17602 2.26931 0.37244 2.22147 2.55402 3.07943 x 1.69957 2.42839 1.87049 1.31927 3.20311 2.95964 1.51906 1.9817 2.12922 1.24707 x x 1.29853 2.98977 1.57027 1.92535 1.17013 2.38515 2.17454 1.9793 2.3295 1.58243 1.75883 1.72996 x 2.3286 2.1216 2.0272 1.5668 2.72207 2.6678 2.04608 1.62048 2.07591 2.60738 2.05597 2.67186 1.6695 0.20081 2.39235 1.73739 
1.16597 x 1.22758 x 0.96446 2.7586 2.19524 1.83047 x 1.41864 0.57196 2.6178 1.9461 2.2404 0.22053 0.68317 2.27069 x 0.38706 1.29853 x x 2.20087 2.17313 0.1284 2.2167 0.90284 0.68077 2.01064 1.7239 1.9003 1.15327 1.36302 1.53425 0.82307 1.01745 0.99011 x 1.37343 1.52167 0.32195 1.69523 1.85791 1.89004 1.66828 2.82398 1.49934 2.53382 1.56894 
2.41615 2.34285 2.91882 2.92668 1.49337 4.00878 3.44542 2.46086 1.2902 2.66882 1.82214 3.64313 2.47501 2.76931 1.47071 1.93335 3.26643 2.70183 2.0783 2.98977 x x 3.04004 3.42331 1.81964 3.52236 1.23254 1.01047 2.92185 2.71964 2.54324 2.53149 2.6132 1.86395 2.07325 2.26763 2.68135 2.52928 2.62361 3.21291 1.57213 2.58439 3.10809 2.21974 x 3.99336 3.09831 3.52956 2.8746 
1.50873 2.18443 3.16441 x 1.54667 3.34584 3.03688 3.03582 1.79983 1.86372 2.10263 1.59669 1.99313 1.69883 1.98034 1.99153 1.21999 2.81734 1.91988 1.57027 2.20087 3.04004 x 2.20277 2.17854 1.47592 1.8075 2.02957 2.86769 0.6732 0.4968 1.50245 2.42824 2.88305 2.58288 2.26491 1.66561 3.03891 1.40699 x 2.08176 0.50564 3.14557 2.0984 2.52533 1.94692 1.77108 1.48312 0.82816 
2.19518 2.81207 3.40071 1.9557 2.69653 1.14307 2.355 3.86323 2.13311 2.69904 1.60117 0.60608 x 3.42681 1.9526 1.71238 2.07636 x 2.56019 1.92535 2.17313 3.42331 2.20277 x 2.30153 2.33229 2.63491 2.41284 1.82079 1.52957 1.70597 3.3264 2.89225 3.26632 2.55514 2.54668 3.16324 2.21336 2.40264 2.98804 1.85118 x 1.54291 2.95477 2.16315 0.95631 1.78407 2.32687 1.68453 
1.29437 0.52321 1.09918 1.37958 1.09286 2.887 2.32364 1.70207 0.52944 1.54704 0.70036 2.4894 2.0745 2.30683 0.34893 x x 1.58005 0.25866 1.17013 0.1284 1.81964 2.17854 2.30153 x 2.3451 1.03124 0.80917 2.13904 1.8523 2.0287 1.02487 1.49142 1.66265 0.95147 1.14585 0.86171 1.76852 1.50183 1.39327 0.45035 1.82363 1.98631 2.01844 1.79668 2.69558 x 2.66222 1.69734 
2.0902 2.86831 3.15166 2.35597 2.02899 x x 3.39964 2.59241 2.9946 2.14573 1.72621 2.50063 2.74831 2.43723 2.25694 1.34951 3.63222 2.60376 2.38515 2.2167 3.52236 1.47592 2.33229 2.3451 x 2.28982 2.51189 1.39177 0.80272 0.97912 2.97837 2.24784 3.36537 2.6118 x 3.14153 1.78434 1.7872 2.26119 2.39574 1.39374 1.66965 2.22792 1.04941 x 2.18434 1.61264 0.64776 
1.62775 1.55445 x x 0.26083 3.22038 2.65702 1.22832 0.5018 1.88042 1.03374 2.41059 1.24247 1.53677 0.68231 1.14495 x 1.91343 1.2899 2.17454 0.90284 1.23254 1.8075 2.63491 1.03124 2.28982 x 0.22207 2.13345 x 1.3107 x 1.8248 1.07555 1.28485 1.47923 x 1.74088 1.83521 2.42451 x 1.79599 2.31969 0.9872 2.13006 2.76082 2.30991 2.29702 1.64206 
1.40568 1.33238 1.90835 x 0.4829 2.99831 2.43495 1.45039 0.27973 1.65835 0.81167 2.63266 1.46454 1.75884 0.46024 0.92288 2.25596 1.69136 1.06783 1.9793 0.68077 1.01047 2.02957 2.41284 0.80917 2.51189 0.22207 x x x 1.53277 1.83404 1.60273 0.85348 1.06278 1.25716 1.67088 1.51881 1.61314 2.20244 0.56166 1.57392 2.09762 1.20927 1.90799 2.98289 2.08784 2.51909 1.86413 
1.95475 2.66225 3.23822 2.30032 2.19507 2.11218 3.06196 2.91983 1.63165 1.98633 1.43868 2.42687 1.6554 1.60602 1.79011 1.47195 2.74128 3.02123 2.3977 2.3295 2.01064 2.92185 2.86769 1.82079 2.13904 1.39177 2.13345 x x 2.19449 2.37089 3.16391 1.23957 2.76486 1.31272 1.58514 3.00075 0.39257 2.16221 2.51958 1.68869 2.78551 0.27788 3.12065 0.34236 2.7771 2.12869 2.74169 2.03953 
1.59411 2.37551 2.84401 1.55325 1.22627 2.67264 2.36368 2.71542 1.78969 2.5018 x 0.92349 x 1.94559 1.78086 1.54064 0.54679 2.8295 2.11096 1.58243 1.7239 2.71964 0.6732 1.52957 1.8523 0.80272 x x 2.19449 x 0.1764 2.17565 1.75504 2.56265 2.3834 2.10061 2.33881 2.58706 2.08019 1.45847 x 0.59102 2.47237 1.4252 1.85213 1.27372 1.38162 0.80992 0.15496 
1.77051 2.55191 2.66761 1.72965 1.04987 2.84904 2.54008 2.53902 1.61329 2.36052 1.60583 1.09989 1.52151 x 1.7938 1.71704 0.72319 3.0059 2.28736 1.75883 1.9003 2.54324 0.4968 1.70597 2.0287 0.97912 1.3107 1.53277 2.37089 0.1764 x 1.99925 1.93144 2.38625 2.39634 x 2.16241 2.76346 1.90379 1.28207 1.85584 0.76742 2.64877 1.6016 2.02853 x 1.55802 0.98632 0.33136 
2.31924 1.54808 2.12405 2.1024 2.11773 x 3.34851 x 1.55431 2.37703 x 3.04923 1.92504 x 1.3738 1.83644 2.72244 2.60492 1.28353 1.72996 1.15327 2.53149 1.50245 3.3264 1.02487 2.97837 x 1.83404 3.16391 2.17565 1.99925 x 2.51629 2.68752 1.97634 2.17072 0.16316 2.79339 1.3389 0.71718 1.47522 x 3.01118 3.04331 2.82155 3.39946 x 2.76641 2.33061 
1.88509 1.72585 2.5906 2.58222 1.88642 2.30273 2.29895 3.05312 1.323 x x 2.67853 2.25028 2.54458 1.14249 1.40229 2.30183 2.37361 1.4613 x 1.36302 2.6132 2.42824 2.89225 1.49142 2.24784 1.8248 1.60273 1.23957 1.75504 1.93144 2.51629 x 2.45621 1.74503 0.34557 2.35313 1.63214 2.09255 2.40661 1.04107 2.34606 1.51745 2.812 1.58193 3.02876 2.57358 x 1.60008 
2.25916 2.18586 2.76183 2.70104 1.33638 2.38848 3.28843 2.30387 1.13321 2.51183 1.66515 3.48614 1.23981 1.53411 1.31372 1.77636 3.10944 1.08153 1.92131 2.3286 1.53425 1.86395 2.88305 3.26632 1.66265 3.36537 1.07555 0.85348 2.76486 2.56265 2.38625 2.68752 2.45621 x x 2.11064 2.52436 2.37229 x 2.44767 1.41514 2.4274 2.9511 2.06275 2.76147 3.83637 2.52941 2.66978 2.71761 
1.54798 1.47468 2.05065 x 1.34647 2.61886 2.57725 2.51317 0.78305 1.80065 0.95397 x 2.32811 2.62241 0.60254 x 2.93019 1.83366 1.21013 2.1216 0.82307 2.07325 2.58288 2.55514 0.95147 2.6118 1.28485 1.06278 1.31272 2.3834 2.39634 1.97634 1.74503 x x 1.39946 1.81318 x 1.75544 2.34474 0.70396 2.07724 1.03484 2.27205 1.56239 3.51145 2.32241 3.19332 2.39201 
1.53952 1.38028 2.24503 2.23665 1.54085 1.95716 1.95338 2.70755 0.97743 0.40119 0.94551 3.0241 1.90471 2.19901 0.79692 1.05672 2.6474 2.02804 1.11573 2.0272 1.01745 2.26763 2.26491 2.54668 1.14585 x 1.47923 1.25716 1.58514 2.10061 x 2.17072 0.34557 2.11064 1.39946 x x x 1.74698 2.06104 0.6955 2.27162 1.86302 2.46643 1.9275 3.0946 x 2.91053 1.94565 
2.15608 1.38492 1.96089 1.93924 1.95457 3.74871 3.18535 2.56378 1.39115 2.40875 1.56207 2.88607 2.0882 1.7939 x 1.67328 2.8856 2.44176 1.12037 1.5668 0.99011 2.68135 1.66561 3.16324 0.86171 3.14153 x 1.67088 3.00075 2.33881 2.16241 0.16316 2.35313 2.52436 1.81318 x x 2.63023 1.50206 0.88034 1.31206 2.17125 x 2.88015 2.65839 x 1.76761 2.92957 2.49377 
1.65817 x 2.8677 2.69289 1.8025 2.50475 3.3943 2.52726 1.23908 2.3789 1.77102 2.81944 1.26283 1.55713 1.41959 1.86452 3.13385 2.65071 2.02718 2.72207 x 2.52928 3.03891 2.21336 1.76852 1.78434 1.74088 1.51881 0.39257 2.58706 2.76346 2.79339 1.63214 2.37229 x x 2.63023 x 2.4122 2.47069 1.52101 2.53327 0.67045 x 0.73493 3.16967 2.52126 2.6928 2.4321 
1.17306 2.02088 2.60101 2.50842 1.89683 2.97489 2.42475 3.06353 1.33341 2.14817 0.80147 x 1.14937 1.44367 1.1529 0.69026 2.62698 2.38402 1.75633 2.6678 1.37343 2.62361 1.40699 2.40264 1.50183 1.7872 1.83521 1.61314 2.16221 2.08019 1.90379 1.3389 2.09255 x 1.75544 1.74698 1.50206 2.4122 x x 1.05148 1.91263 1.88433 2.82241 x x 2.68005 x 2.23515 
1.79478 1.39916 2.49245 2.25553 2.1895 3.21582 3.04647 3.09534 1.92271 x 1.42319 x 1.20786 0.91356 1.7422 1.31198 2.00526 2.97332 x 2.04608 1.52167 3.21291 x 2.98804 1.39327 2.26119 2.42451 2.20244 2.51958 1.45847 1.28207 0.71718 2.40661 2.44767 2.34474 2.06104 0.88034 2.47069 x x 1.6732 1.29091 2.50605 2.88367 2.51951 2.73219 2.24689 2.04923 1.61343 
0.84402 0.97356 1.54953 1.82993 0.84535 2.63949 1.87329 2.01205 0.28193 1.09669 0.25001 2.45726 1.82699 2.12129 0.10142 0.36122 2.22623 x 0.70901 1.62048 0.32195 1.57213 2.08176 1.85118 0.45035 2.39574 x 0.56166 1.68869 x 1.85584 1.47522 1.04107 1.41514 0.70396 0.6955 1.31206 1.52101 1.05148 1.6732 x 1.57612 1.55529 x 1.34633 2.80749 1.82129 2.48936 1.8344 
1.00309 2.34684 2.92281 1.98128 1.81729 3.26366 x 3.02431 1.29419 2.36936 1.5971 1.51451 2.28893 2.20447 1.4747 1.48589 1.13781 2.70582 2.08229 2.07591 1.69523 2.58439 0.50564 x 1.82363 1.39374 1.79599 1.57392 2.78551 0.59102 0.76742 x 2.34606 2.4274 2.07724 2.27162 2.17125 2.53327 1.91263 1.29091 1.57612 x 2.67996 2.01622 2.44315 x 1.97264 1.40094 0.74598 
1.67687 2.50952 3.08549 2.5782 2.38131 2.39006 2.92856 3.19771 1.81789 2.26421 1.30528 2.14899 1.93328 1.8839 1.63738 1.19407 3.01916 2.8685 2.24497 2.60738 1.85791 3.10809 3.14557 1.54291 1.98631 1.66965 2.31969 2.09762 0.27788 2.47237 2.64877 3.01118 1.51745 2.9511 1.03484 1.86302 x 0.67045 1.88433 2.50605 1.55529 2.67996 x 3.30689 0.62024 2.49922 2.40657 3.01957 2.31741 
2.61495 2.54165 2.81841 2.02679 1.24803 4.09784 3.64422 2.21552 1.489 2.86762 2.02094 2.34869 2.22967 2.52397 1.66951 2.13215 1.97199 2.90063 2.2771 2.05597 1.89004 2.21974 2.0984 2.95477 2.01844 2.22792 0.9872 1.20927 3.12065 1.4252 1.6016 3.04331 2.812 2.06275 2.27205 2.46643 2.88015 x 2.82241 2.88367 x 2.01622 3.30689 x 3.11726 2.69892 1.85516 2.23512 1.58016 
1.69033 2.31989 2.89586 2.64268 2.19168 1.76982 2.7196 3.26219 1.62826 2.32869 1.09632 2.76923 1.99776 1.94838 x 1.20753 2.39892 x 2.05534 2.67186 1.66828 x 2.52533 2.16315 1.79668 1.04941 2.13006 1.90799 0.34236 1.85213 2.02853 2.82155 1.58193 2.76147 1.56239 1.9275 2.65839 0.73493 x 2.51951 1.34633 2.44315 0.62024 3.11726 x 3.11946 x 2.66205 1.69717 
2.86783 2.55622 3.79476 1.69985 2.49999 2.09938 3.31131 x 3.06341 2.69341 2.55748 0.35023 2.97163 3.20669 2.90891 2.66869 1.82051 x 2.43692 1.6695 2.82398 3.99336 1.94692 0.95631 2.69558 x 2.76082 2.98289 2.7771 1.27372 x 3.39946 3.02876 3.83637 3.51145 3.0946 x 3.16967 x 2.73219 2.80749 x 2.49922 2.69892 3.11946 x 1.52822 2.07102 1.42868 
2.66531 1.028 2.47012 0.17163 2.42228 2.75483 3.28024 x 1.90038 2.6292 2.0713 1.17799 3.07953 3.16045 1.71987 2.18251 1.92841 1.44788 1.11228 0.20081 1.49934 3.09831 1.77108 1.78407 x 2.18434 2.30991 2.08784 2.12869 1.38162 1.55802 x 2.57358 2.52941 2.32241 x 1.76761 2.52126 2.68005 2.24689 1.82129 1.97264 2.40657 1.85516 x 1.52822 x 2.19154 1.53658 
2.40403 3.18543 2.67756 2.36317 2.03619 3.46994 2.64448 3.28045 2.59961 3.31172 2.23935 1.72079 1.42997 1.13567 2.59078 2.35056 1.35671 3.63942 2.92088 2.39235 2.53382 3.52956 1.48312 2.32687 2.66222 1.61264 2.29702 2.51909 2.74169 0.80992 0.98632 2.76641 x 2.66978 3.19332 2.91053 2.92957 2.6928 x 2.04923 2.48936 1.40094 3.01957 2.23512 2.66205 2.07102 2.19154 x 0.96488 
1.74907 2.22055 2.79652 1.70821 1.38123 2.8276 2.51864 2.87038 1.94465 2.34684 1.58439 1.07845 x 2.10055 1.78947 1.6956 0.70175 2.98446 1.956 1.73739 1.56894 2.8746 0.82816 1.68453 1.69734 0.64776 1.64206 1.86413 2.03953 0.15496 0.33136 2.33061 1.60008 2.71761 2.39201 1.94565 2.49377 2.4321 2.23515 1.61343 1.8344 0.74598 2.31741 1.58016 1.69717 1.42868 1.53658 0.96488 x 
